262144000S,0C
5196173 418
7085 1
50614 1
10939 1
30669 1
46949 1
44722 1
48954 1
51113 1
48865 1
47738 1
30738 1
48438 1
51821 1
51847 1
11247 1
23510 1
50477 1
43154 1
52706 1
16359 1
50834 1
10512 1
56973 1
30984 1
55544 1
46396 1
51188 1
7063 1
51645 1
9823 1
3775 1
52801 1
10665 1
52556 1
32399 1
53640 1
3459 1
48220 1
8265 1
53370 1
10192 1
51191 1
6631 1
53435 1
5785 1
53874 1
53152 1
10344 1
47340 1
50005 1
48570 1
54712 1
56156 1
50938 1
49569 1
53768 1
10712 1
49434 1
52489 1
51455 1
53370 1
43838 1
53411 1
51887 1
20613 1
7194 1
54154 1
53758 1
53654 1
44559 1
53993 1
51747 1
53865 1
55625 1
51976 1
44317 1
57517 1
20738 1
49123 1
54127 1
55056 1
56157 1
17857 1
46884 1
4848 1
60477 1
21155 1
58632 1
9760 1
54498 1
11506 1
53545 1
60362 1
51028 1
59002 1
59275 1
60999 1
10609 1
59405 1
61721 1
21337 1
44771 1
65357 1
56470 1
56105 1
20308 1
42702 1
59039 1
10220 1
5687 1
60392 1
4937 1
11296 1
59882 1
32765 1
65015 1
62532 1
14555 1
60899 1
62692 1
60941 1
13906 1
36323 1
7739 1
61701 1
65985 1
69169 1
12729 1
9953 1
54854 1
62290 1
68154 1
36533 1
64576 1
67233 1
62361 1
48879 1
62493 1
14212 1
67638 1
64086 1
32383 1
62506 1
62076 1
54732 1
4469 1
57137 1
63456 1
9604 1
60647 1
54651 1
58171 1
55542 1
64750 1
55253 1
54396 1
52670 1
55243 1
55526 1
56902 1
4966 1
44076 1
56161 1
65295 1
54492 1
18980 1
11645 1
5085 1
53588 1
5077 1
61022 1
8531 1
56260 1
52613 1
45611 1
5069 1
50472 1
18982 1
53764 1
50638 1
51322 1
41676 1
50493 1
51900 1
4522 1
55547 1
51888 1
52706 1
5917 1
52557 1
44650 1
51044 1
7983 1
6039 1
49482 1
52167 1
52163 1
53775 1
52678 1
6115 1
17124 1
58118 1
9755 1
50824 1
47688 1
49633 1
47282 1
17319 1
48233 1
45980 1
47681 1
46462 1
48945 1
47028 1
42133 1
17415 1
51366 1
48486 1
50827 1
39859 1
48344 1
51054 1
19320 1
56398 1
49985 1
50356 1
34795 1
46508 1
45527 1
11398 1
5096 1
47173 1
50452 1
55146 1
6849 1
36998 1
53529 1
20632 1
50696 1
48105 1
6128 1
48541 1
20598 1
48591 1
57263 1
7303 1
12936 1
53512 1
50961 1
57866 1
10103 1
36654 1
50693 1
51830 1
51039 1
6895 1
54046 1
44475 1
37502 1
49636 1
49727 1
8245 1
49779 1
6236 1
56106 1
54037 1
39960 1
51150 1
20061 1
59433 1
21360 1
51373 1
53071 1
14751 1
54250 1
40337 1
51670 1
52216 1
22202 1
53770 1
10767 1
59102 1
38261 1
54157 1
12649 1
52106 1
83206 1
6999 1
51124 1
51165 1
56008 1
41003 1
20659 1
55207 1
51878 1
20841 1
14373 1
7370 1
53305 1
53461 1
56330 1
54642 1
38161 1
49834 1
54534 1
51352 1
54003 1
15856 1
41497 1
52703 1
8350 1
48298 1
21121 1
50778 1
50632 1
50824 1
11002 1
39322 1
52746 1
21246 1
52630 1
1122 1
7053 1
51715 1
53429 1
53751 1
